#Exudyn implicit second order time integration solver solution file
#simulation started=2025-02-02,13:00:29
#columns contain: time, ODE2 displacements, ODE2 velocities, ODE2 accelerations
#number of system coordinates [nODE2, nODE1, nAlgebraic, nData] = [3,0,0,0]
#number of written coordinates [nODE2, nVel2, nAcc2, nODE1, nVel1, nAlgebraic, nData] = [3,3,3,0,0,0,0]
#total columns exported  (excl. time) = 9
#number of time steps (planned) = 10000
#Exudyn version = 1.9.0; Python3.11.8; Windows AVX2 FLOAT64
#
0,0,0.8,0,0,-0.2,0,0,-28978.26903,0
0.01,0,0.7999966314,0,0,-0.1326666875,0,0,-22297.97992,0
0.02,0,0.8002203709,0,0,-0.04716367066,0,0,-12711.96525,0
0.03,0,0.8006816686,0,0,0.01353356606,0,0,-6932.567973,0
0.04,0,0.8013776027,0,0,0.05716249977,0,0,-3750.333344,0
0.05,0,0.8023038747,0,0,0.09101667541,0,0,-2025.39225,0
0.06,0,0.8034560255,0,0,0.119348546,0,0,-1093.081019,0
0.07,0,0.8048295624,0,0,0.1444860362,0,0,-589.4565816,0
0.08,0,0.8064199756,0,0,0.1676892084,0,0,-317.4408426,0
0.09,0,0.808222741,0,0,0.1896385053,0,0,-170.5331035,0
0.1,0,0.8102333226,0,0,0.2107010318,0,0,-91.20248543,0
0.11,0,0.8124471729,0,0,0.2310746502,0,0,-48.3734271,0
0.12,0,0.8148597346,0,0,0.2508658396,0,0,-25.26056051,0
0.13,0,0.8174664409,0,0,0.2701317502,0,0,-12.79733992,0
0.14,0,0.8202627166,0,0,0.288902923,0,0,-6.086506003,0
0.15,0,0.8232439788,0,0,0.3071955592,0,0,-2.482824581,0
0.16,0,0.8264056378,0,0,0.3250181498,0,0,-0.5574813487,0
0.17,0,0.8297430976,0,0,0.3423750557,0,0,0.4612945493,0
0.18,0,0.8332517567,0,0,0.3592684417,0,0,0.9903749183,0
0.19,0,0.8369270091,0,0,0.3756993221,0,0,1.254934923,0
0.2,0,0.8407642449,0,0,0.3916681247,0,0,1.376605182,0
0.21,0,0.844758851,0,0,0.4071749963,0,0,1.421087624,0
0.22,0,0.8489062119,0,0,0.4222199681,0,0,1.423874374,0
0.23,0,0.8532017107,0,0,0.4368030442,0,0,1.40413993,0
0.24,0,0.8576407297,0,0,0.4509242506,0,0,1.372244981,0
0.25,0,0.862218651,0,0,0.4645836616,0,0,1.33378943,0
0.26,0,0.8669308575,0,0,0.4777814137,0,0,1.291801618,0
0.27,0,0.871772734,0,0,0.4905177136,0,0,1.247921081,0
0.28,0,0.8767396672,0,0,0.5027928431,0,0,1.203036993,0
0.29,0,0.8818270472,0,0,0.5146071607,0,0,1.157633352,0
0.3,0,0.8870302682,0,0,0.5259611039,0,0,1.111975285,0
0.31,0,0.8923447288,0,0,0.5368551896,0,0,1.066209697,0
0.32,0,0.8977658334,0,0,0.5472900145,0,0,1.020419685,0
0.33,0,0.9032889927,0,0,0.557266256,0,0,0.9746538215,0
0.34,0,0.9089096247,0,0,0.5667846721,0,0,0.9289420739,0
0.35,0,0.9146231552,0,0,0.5758461017,0,0,0.8833043661,0
0.36,0,0.9204250189,0,0,0.5844514645,0,0,0.8377551974,0
0.37,0,0.92631066,0,0,0.5926017616,0,0,0.7923061302,0
0.38,0,0.9322755332,0,0,0.6002980751,0,0,0.7469671471,0
0.39,0,0.9383151044,0,0,0.6075415684,0,0,0.7017473815,0
0.4,0,0.9444248517,0,0,0.6143334861,0,0,0.6566555109,0
0.41,0,0.9506002658,0,0,0.6206751541,0,0,0.6116999418,0
0.42,0,0.9568368511,0,0,0.6265679795,0,0,0.566888956,0
0.43,0,0.9631301266,0,0,0.6320134505,0,0,0.5222307553,0
0.44,0,0.9694756266,0,0,0.6370131367,0,0,0.4777334899,0
0.45,0,0.9758689015,0,0,0.6415686883,0,0,0.4334052791,0
0.46,0,0.9823055183,0,0,0.6456818367,0,0,0.3892542224,0
0.47,0,0.9887810621,0,0,0.6493543938,0,0,0.3452883907,0
0.48,0,0.9952911365,0,0,0.6525882523,0,0,0.3015158382,0
0.49,0,1.001831364,0,0,0.6553853852,0,0,0.2579445954,0
0.5,0,1.008397388,0,0,0.6577478456,0,0,0.214582673,0
0.51,0,1.014984872,0,0,0.6596777667,0,0,0.1714380526,0
0.52,0,1.021589502,0,0,0.6611773614,0,0,0.1285186913,0
0.53,0,1.028206985,0,0,0.6622489218,0,0,0.08583251664,0
0.54,0,1.034833054,0,0,0.6628948194,0,0,0.04338742438,0
0.55,0,1.041463464,0,0,0.6631175043,0,0,0.001191278627,0
0.56,0,1.048093995,0,0,0.6629195052,0,0,-0.04074809315,0
0.57,0,1.054720453,0,0,0.6623034288,0,0,-0.08242290056,0
0.58,0,1.061338672,0,0,0.6612719595,0,0,-0.1238253936,0
0.59,0,1.06794451,0,0,0.6598278591,0,0,-0.1649478638,0
0.6,0,1.074533856,0,0,0.6579739661,0,0,-0.2057826465,0
0.61,0,1.081102626,0,0,0.6557131955,0,0,-0.2463221275,0
0.62,0,1.087646767,0,0,0.6530485383,0,0,-0.2865587321,0
0.63,0,1.094162254,0,0,0.6499830608,0,0,-0.3264849445,0
0.64,0,1.100645096,0,0,0.6465199043,0,0,-0.3660932983,0
0.65,0,1.107091331,0,0,0.6426622846,0,0,-0.4053763826,0
0.66,0,1.113497031,0,0,0.6384134911,0,0,-0.4443268385,0
0.67,0,1.119858301,0,0,0.6337768867,0,0,-0.4829373731,0
0.68,0,1.126171281,0,0,0.6287559068,0,0,-0.5212007528,0
0.69,0,1.132432144,0,0,0.6233540588,0,0,-0.5591097986,0
0.7,0,1.138637098,0,0,0.6175749217,0,0,-0.5966574151,0
0.71,0,1.14478239,0,0,0.611422145,0,0,-0.6338365479,0
0.72,0,1.150864302,0,0,0.6048994485,0,0,-0.6706402248,0
0.73,0,1.156879153,0,0,0.5980106213,0,0,-0.7070615636,0
0.74,0,1.162823301,0,0,0.5907595209,0,0,-0.7430937311,0
0.75,0,1.168693142,0,0,0.5831500731,0,0,-0.7787299616,0
0.76,0,1.174485115,0,0,0.5751862705,0,0,-0.8139635724,0
0.77,0,1.180195694,0,0,0.5668721725,0,0,-0.8487879876,0
0.78,0,1.185821399,0,0,0.5582119036,0,0,-0.8831966655,0
0.79,0,1.191358787,0,0,0.5492096535,0,0,-0.9171831753,0
0.8,0,1.19680446,0,0,0.5398696757,0,0,-0.9507411718,0
0.81,0,1.202155063,0,0,0.5301962866,0,0,-0.9838643746,0
0.82,0,1.207407284,0,0,0.5201938653,0,0,-1.016546624,0
0.83,0,1.212557853,0,0,0.5098668518,0,0,-1.048781813,0
0.84,0,1.217603548,0,0,0.4992197468,0,0,-1.080563933,0
0.85,0,1.222541191,0,0,0.4882571106,0,0,-1.111887096,0
0.86,0,1.227367649,0,0,0.476983562,0,0,-1.142745463,0
0.87,0,1.232079836,0,0,0.4654037774,0,0,-1.173133338,0
0.88,0,1.236674714,0,0,0.4535224902,0,0,-1.203045094,0
0.89,0,1.241149292,0,0,0.4413444891,0,0,-1.232475198,0
0.9,0,1.245500626,0,0,0.4288746179,0,0,-1.26141824,0
0.91,0,1.249725823,0,0,0.416117774,0,0,-1.289868878,0
0.92,0,1.253822037,0,0,0.4030789074,0,0,-1.317821933,0
0.93,0,1.257786473,0,0,0.3897630198,0,0,-1.345272252,0
0.94,0,1.261616386,0,0,0.3761751635,0,0,-1.372214845,0
0.95,0,1.265309082,0,0,0.3623204404,0,0,-1.398644807,0
0.96,0,1.268861918,0,0,0.3482040007,0,0,-1.424557346,0
0.97,0,1.272272303,0,0,0.3338310421,0,0,-1.449947803,0
0.98,0,1.275537697,0,0,0.3192068084,0,0,-1.474811622,0
0.99,0,1.278655615,0,0,0.3043365886,0,0,-1.499144279,0
1,0,1.281623623,0,0,0.2892257155,0,0,-1.522941557,0
1.01,0,1.284439341,0,0,0.273879565,0,0,-1.546199156,0
1.02,0,1.287100444,0,0,0.2583035544,0,0,-1.568912913,0
1.03,0,1.28960466,0,0,0.2425031417,0,0,-1.591078922,0
1.04,0,1.291949774,0,0,0.226483824,0,0,-1.612693307,0
1.05,0,1.294133622,0,0,0.2102511366,0,0,-1.633752235,0
1.06,0,1.2961541,0,0,0.1938106517,0,0,-1.654252236,0
1.07,0,1.298009158,0,0,0.1771679773,0,0,-1.674189588,0
1.08,0,1.299696801,0,0,0.1603287555,0,0,-1.693561085,0
1.09,0,1.301215093,0,0,0.1432986621,0,0,-1.7123634,0
1.1,0,1.302562154,0,0,0.1260834044,0,0,-1.730593399,0
1.11,0,1.30373616,0,0,0.1086887207,0,0,-1.748248138,0
1.12,0,1.304735347,0,0,0.09112037855,0,0,-1.765324615,0
1.13,0,1.305558006,0,0,0.07338417388,0,0,-1.781820187,0
1.14,0,1.306202487,0,0,0.05548592931,0,0,-1.797732174,0
1.15,0,1.306667201,0,0,0.03743149314,0,0,-1.813058061,0
1.16,0,1.306950614,0,0,0.01922673793,0,0,-1.827795632,0
1.17,0,1.307051252,0,0,0.0008775592283,0,0,-1.841942483,0
1.18,0,1.306967701,0,0,-0.01761012576,0,0,-1.855496573,0
1.19,0,1.306698605,0,0,-0.03623037948,0,0,-1.868455931,0
1.2,0,1.306242669,0,0,-0.05497724535,0,0,-1.880818686,0
1.21,0,1.305598656,0,0,-0.07384474912,0,0,-1.892583193,0
1.22,0,1.30476539,0,0,-0.09282690017,0,0,-1.903747913,0
1.23,0,1.303741754,0,0,-0.1119176929,0,0,-1.914311374,0
1.24,0,1.302526692,0,0,-0.1311111081,0,0,-1.924272266,0
1.25,0,1.301119208,0,0,-0.1504011141,0,0,-1.933629383,0
1.26,0,1.299518367,0,0,-0.1697816685,0,0,-1.942381734,0
1.27,0,1.297723292,0,0,-0.1892467192,0,0,-1.950528485,0
1.28,0,1.29573317,0,0,-0.208790206,0,0,-1.958068833,0
1.29,0,1.293547245,0,0,-0.2284060616,0,0,-1.965002159,0
1.3,0,1.291164826,0,0,-0.2480882136,0,0,-1.97132801,0
1.31,0,1.288585279,0,0,-0.2678305853,0,0,-1.977046036,0
1.32,0,1.285808033,0,0,-0.2876270972,0,0,-1.982156053,0
1.33,0,1.282832576,0,0,-0.3074716686,0,0,-1.986657953,0
1.34,0,1.279658459,0,0,-0.3273582189,0,0,-1.990551836,0
1.35,0,1.276285292,0,0,-0.3472806688,0,0,-1.993837905,0
1.36,0,1.272712746,0,0,-0.3672329418,0,0,-1.996516521,0
1.37,0,1.268940553,0,0,-0.3872089657,0,0,-1.998588164,0
1.38,0,1.264968507,0,0,-0.4072026738,0,0,-2.000053478,0
1.39,0,1.260796461,0,0,-0.4272080064,0,0,-2.000913211,0
1.4,0,1.256424328,0,0,-0.4472189121,0,0,-2.001168262,0
1.41,0,1.251852084,0,0,-0.4672293492,0,0,-2.000819684,0
1.42,0,1.247079763,0,0,-0.4872332872,0,0,-1.999868652,0
1.43,0,1.24210746,0,0,-0.5072247081,0,0,-1.998316482,0
1.44,0,1.236935331,0,0,-0.5271976075,0,0,-1.996164629,0
1.45,0,1.23156359,0,0,-0.5471459966,0,0,-1.993414674,0
1.46,0,1.225992513,0,0,-0.567063903,0,0,-1.990068362,0
1.47,0,1.220222434,0,0,-0.5869453721,0,0,-1.986127557,0
1.48,0,1.214253748,0,0,-0.6067844691,0,0,-1.981594241,0
1.49,0,1.208086907,0,0,-0.6265752795,0,0,-1.976470595,0
1.5,0,1.201722424,0,0,-0.6463119109,0,0,-1.970758853,0
1.51,0,1.19516087,0,0,-0.6659884946,0,0,-1.964461444,0
1.52,0,1.188402875,0,0,-0.6855991864,0,0,-1.957580911,0
1.53,0,1.181449126,0,0,-0.7051381681,0,0,-1.950119918,0
1.54,0,1.174300371,0,0,-0.7245996493,0,0,-1.94208128,0
1.55,0,1.166957412,0,0,-0.7439778681,0,0,-1.93346794,0
1.56,0,1.159421112,0,0,-0.7632670927,0,0,-1.92428296,0
1.57,0,1.151692388,0,0,-0.7824616229,0,0,-1.914529569,0
1.58,0,1.143772215,0,0,-0.801555791,0,0,-1.904211102,0
1.59,0,1.135661627,0,0,-0.8205439634,0,0,-1.89333102,0
1.6,0,1.12736171,0,0,-0.8394205421,0,0,-1.881892934,0
1.61,0,1.118873609,0,0,-0.8581799652,0,0,-1.869900557,0
1.62,0,1.110198522,0,0,-0.8768167092,0,0,-1.857357744,0
1.63,0,1.101337704,0,0,-0.8953252894,0,0,-1.844268476,0
1.64,0,1.092292464,0,0,-0.9137002619,0,0,-1.830636868,0
1.65,0,1.083064164,0,0,-0.9319362241,0,0,-1.81646715,0
1.66,0,1.073654223,0,0,-0.9500278167,0,0,-1.80176367,0
1.67,0,1.064064109,0,0,-0.9679697244,0,0,-1.786530914,0
1.68,0,1.054295347,0,0,-0.9857566773,0,0,-1.770773483,0
1.69,0,1.044349512,0,0,-1.003383452,0,0,-1.754496085,0
1.7,0,1.034228232,0,0,-1.020844873,0,0,-1.737703586,0
1.71,0,1.023933186,0,0,-1.038135815,0,0,-1.720400935,0
1.72,0,1.013466104,0,0,-1.0552512,0,0,-1.702593232,0
1.73,0,1.002828767,0,0,-1.072186005,0,0,-1.684285632,0
1.74,0,0.9920230057,0,0,-1.088935256,0,0,-1.665483466,0
1.75,0,0.9810507001,0,0,-1.105494035,0,0,-1.646192174,0
1.76,0,0.9699137794,0,0,-1.121857479,0,0,-1.62641727,0
1.77,0,0.958614221,0,0,-1.13802078,0,0,-1.606164403,0
1.78,0,0.9471540502,0,0,-1.153979186,0,0,-1.585439367,0
1.79,0,0.9355353394,0,0,-1.169728005,0,0,-1.564248005,0
1.8,0,0.9237602078,0,0,-1.185262604,0,0,-1.542596285,0
1.81,0,0.9118308204,0,0,-1.200578409,0,0,-1.520490318,0
1.82,0,0.8997493877,0,0,-1.215670909,0,0,-1.497936267,0
1.83,0,0.8875181652,0,0,-1.230535654,0,0,-1.47494043,0
1.84,0,0.8751394524,0,0,-1.245168258,0,0,-1.451509193,0
1.85,0,0.8626155922,0,0,-1.2595644,0,0,-1.427649043,0
1.86,0,0.8499489708,0,0,-1.273719824,0,0,-1.403366595,0
1.87,0,0.8371420162,0,0,-1.28763034,0,0,-1.378668515,0
1.88,0,0.8241971983,0,0,-1.301291825,0,0,-1.35356161,0
1.89,0,0.8111170276,0,0,-1.314700225,0,0,-1.328052731,0
1.9,0,0.797904055,0,0,-1.327851556,0,0,-1.30214888,0
1.91,0,0.7845608708,0,0,-1.340741903,0,0,-1.275857109,0
1.92,0,0.7710901042,0,0,-1.353367422,0,0,-1.249184526,0
1.93,0,0.7574944223,0,0,-1.365724342,0,0,-1.222138417,0
1.94,0,0.7437765296,0,0,-1.377808963,0,0,-1.194726092,0
1.95,0,0.7299391674,0,0,-1.389617661,0,0,-1.166954955,0
1.96,0,0.7159851127,0,0,-1.401146885,0,0,-1.138832492,0
1.97,0,0.7019171776,0,0,-1.412393159,0,0,-1.110366269,0
1.98,0,0.6877382088,0,0,-1.423353084,0,0,-1.081563954,0
1.99,0,0.6734510864,0,0,-1.434023338,0,0,-1.052433263,0
2,0,0.6590587234,0,0,-1.444400675,0,0,-1.022981982,0
2.01,0,0.6445640648,0,0,-1.45448193,0,0,-0.9932180032,0
2.02,0,0.629970087,0,0,-1.464264015,0,0,-0.9631492661,0
2.03,0,0.6152797969,0,0,-1.473743921,0,0,-0.9327837756,0
2.04,0,0.6004962308,0,0,-1.482918723,0,0,-0.9021296268,0
2.05,0,0.5856224541,0,0,-1.491785574,0,0,-0.8711949423,0
2.06,0,0.5706615602,0,0,-1.500341709,0,0,-0.8399879318,0
2.07,0,0.5556166698,0,0,-1.508584448,0,0,-0.8085168901,0
2.08,0,0.5404909299,0,0,-1.51651119,0,0,-0.7767901241,0
2.09,0,0.5252875131,0,0,-1.524119422,0,0,-0.7448160422,0
2.1,0,0.5100096167,0,0,-1.531406711,0,0,-0.7126030812,0
2.11,0,0.4946604619,0,0,-1.538370711,0,0,-0.6801597262,0
2.12,0,0.4792432931,0,0,-1.545009162,0,0,-0.6474945418,0
2.13,0,0.4637613766,0,0,-1.551319887,0,0,-0.6146161057,0
2.14,0,0.4482180003,0,0,-1.557300798,0,0,-0.5815330702,0
2.15,0,0.4326164723,0,0,-1.562949892,0,0,-0.5482541291,0
2.16,0,0.4169601205,0,0,-1.568265254,0,0,-0.5147880073,0
2.17,0,0.4012522914,0,0,-1.573245055,0,0,-0.4811434929,0
2.18,0,0.3854963494,0,0,-1.577887556,0,0,-0.4473293854,0
2.19,0,0.3696956759,0,0,-1.582191104,0,0,-0.413354544,0
2.2,0,0.3538536681,0,0,-1.586154138,0,0,-0.3792278449,0
2.21,0,0.3379737388,0,0,-1.589775182,0,0,-0.3449582087,0
2.22,0,0.3220593148,0,0,-1.593052853,0,0,-0.3105545693,0
2.23,0,0.3061138365,0,0,-1.595985855,0,0,-0.2760259174,0
2.24,0,0.2901407565,0,0,-1.598572982,0,0,-0.2413812516,0
2.25,0,0.2741435393,0,0,-1.600813121,0,0,-0.2066295943,0
2.26,0,0.25812566,0,0,-1.602705246,0,0,-0.1717799901,0
2.27,0,0.2420906034,0,0,-1.604248423,0,0,-0.1368415079,0
2.28,0,0.2260418634,0,0,-1.605441809,0,0,-0.1018232282,0
2.29,0,0.2099829416,0,0,-1.606284651,0,0,-0.06673425049,0
2.3,0,0.1939173469,0,0,-1.606776288,0,0,-0.03158368705,0
2.31,0,0.1778485944,0,0,-1.606916149,0,0,0.003619342068,0
2.32,0,0.1617802041,0,0,-1.606703756,0,0,0.03886570626,0
2.33,0,0.1457157006,0,0,-1.60613872,0,0,0.07414626828,0
2.34,0,0.1296586121,0,0,-1.605220746,0,0,0.1094518879,0
2.35,0,0.1136124688,0,0,-1.603949629,0,0,0.1447734229,0
2.36,0,0.09758080295,0,0,-1.602325255,0,0,0.1801017316,0
2.37,0,0.08156714725,0,0,-1.600347603,0,0,0.2154276708,0
2.38,0,0.06557503421,0,0,-1.59801674,0,0,0.25074211,0
2.39,0,0.04960799521,0,0,-1.595332829,0,0,0.2860359186,0
2.4,0,0.03366955955,0,0,-1.592296122,0,0,0.3212999822,0
2.41,0,0.01776325356,0,0,-1.58890696,0,0,0.3565251884,0
2.42,0,0.001892599677,0,0,-1.585165778,0,0,0.3917024484,0
2.43,0,-0.01393888444,0,0,-1.581073102,0,0,0.4268226844,0
2.44,0,-0.02972768686,0,0,-1.576629546,0,0,0.4618768307,0
2.45,0,-0.04547030223,0,0,-1.571835817,0,0,0.4968558567,0
2.46,0,-0.06116323273,0,0,-1.566692711,0,0,0.5317507394,0
2.47,0,-0.07680298895,0,0,-1.561201114,0,0,0.5665524796,0
2.48,0,-0.09238609079,0,0,-1.555362003,0,0,0.6012521298,0
2.49,0,-0.1079090684,0,0,-1.549176444,0,0,0.6358407352,0
2.5,0,-0.1233684629,0,0,-1.542645591,0,0,0.6703094042,0
2.51,0,-0.1387608275,0,0,-1.535770687,0,0,0.7046492555,0
2.52,0,-0.1540827285,0,0,-1.528553067,0,0,0.7388514558,0
2.53,0,-0.1693307455,0,0,-1.520994149,0,0,0.7729072176,0
2.54,0,-0.1845014731,0,0,-1.513095442,0,0,0.8068077556,0
2.55,0,-0.1995915213,0,0,-1.504858543,0,0,0.8405443738,0
2.56,0,-0.2145975166,0,0,-1.496285133,0,0,0.8741083876,0
2.57,0,-0.2295161025,0,0,-1.487376982,0,0,0.9074911802,0
2.58,0,-0.244343941,0,0,-1.478135946,0,0,0.9406841553,0
2.59,0,-0.2590777127,0,0,-1.468563964,0,0,0.9736788004,0
2.6,0,-0.2737141183,0,0,-1.458663063,0,0,1.006466614,0
2.61,0,-0.2882498791,0,0,-1.448435352,0,0,1.039039197,0
2.62,0,-0.3026817379,0,0,-1.437883028,0,0,1.07138819,0
2.63,0,-0.3170064598,0,0,-1.427008365,0,0,1.103505262,0
2.64,0,-0.3312208332,0,0,-1.415813727,0,0,1.135382179,0
2.65,0,-0.3453216705,0,0,-1.404301554,0,0,1.167010752,0
2.66,0,-0.3593058089,0,0,-1.39247437,0,0,1.198382877,0
2.67,0,-0.3731701113,0,0,-1.380334782,0,0,1.229490477,0
2.68,0,-0.386911467,0,0,-1.367885474,0,0,1.260325579,0
2.69,0,-0.4005267924,0,0,-1.35512921,0,0,1.290880258,0
2.7,0,-0.4140130323,0,0,-1.342068834,0,0,1.321146675,0
2.71,0,-0.4273671601,0,0,-1.328707268,0,0,1.351117067,0
2.72,0,-0.4405861787,0,0,-1.31504751,0,0,1.380783755,0
2.73,0,-0.4536671216,0,0,-1.301092636,0,0,1.410139088,0
2.74,0,-0.4666070533,0,0,-1.286845796,0,0,1.439175568,0
2.75,0,-0.4794030702,0,0,-1.272310218,0,0,1.467885698,0
2.76,0,-0.4920523014,0,0,-1.257489201,0,0,1.49626214,0
2.77,0,-0.5045519092,0,0,-1.242386118,0,0,1.524297617,0
2.78,0,-0.5168990903,0,0,-1.227004415,0,0,1.55198491,0
2.79,0,-0.5290910759,0,0,-1.21134761,0,0,1.579316902,0
2.8,0,-0.5411251329,0,0,-1.195419291,0,0,1.606286615,0
2.81,0,-0.5529985643,0,0,-1.179223115,0,0,1.632887092,0
2.82,0,-0.5647087103,0,0,-1.162762809,0,0,1.659111474,0
2.83,0,-0.5762529484,0,0,-1.146042168,0,0,1.684953048,0
2.84,0,-0.5876286944,0,0,-1.129065053,0,0,1.71040521,0
2.85,0,-0.5988334033,0,0,-1.111835391,0,0,1.735461406,0
2.86,0,-0.6098645695,0,0,-1.094357173,0,0,1.760115156,0
2.87,0,-0.6207197277,0,0,-1.076634457,0,0,1.784360108,0
2.88,0,-0.6313964534,0,0,-1.058671361,0,0,1.808190082,0
2.89,0,-0.6418923636,0,0,-1.040472066,0,0,1.831598925,0
2.9,0,-0.6522051176,0,0,-1.022040814,0,0,1.854580633,0
2.91,0,-0.6623324172,0,0,-1.003381905,0,0,1.877129255,0
2.92,0,-0.6722720076,0,0,-0.9844996989,0,0,1.899239007,0
2.93,0,-0.6820216779,0,0,-0.9653986141,0,0,1.920904173,0
2.94,0,-0.6915792616,0,0,-0.946083124,0,0,1.94211917,0
2.95,0,-0.7009426373,0,0,-0.9265577575,0,0,1.9628785,0
2.96,0,-0.710109729,0,0,-0.9068270981,0,0,1.983176853,0
2.97,0,-0.719078507,0,0,-0.8868957817,0,0,2.003009001,0
2.98,0,-0.7278469881,0,0,-0.8667684965,0,0,2.022369826,0
2.99,0,-0.7364132363,0,0,-0.846449981,0,0,2.041254286,0
3,0,-0.7447753631,0,0,-0.8259450235,0,0,2.059657475,0
3.01,0,-0.7529315283,0,0,-0.8052584602,0,0,2.077574682,0
3.02,0,-0.7608799403,0,0,-0.7843951745,0,0,2.095001188,0
3.03,0,-0.7686188563,0,0,-0.7633600955,0,0,2.111932507,0
3.04,0,-0.7761465833,0,0,-0.7421581971,0,0,2.128364368,0
3.05,0,-0.7834614782,0,0,-0.7207944962,0,0,2.144292351,0
3.06,0,-0.7905619481,0,0,-0.699274052,0,0,2.159712341,0
3.07,0,-0.7974464512,0,0,-0.6776019643,0,0,2.174620328,0
3.08,0,-0.8041134966,0,0,-0.6557833725,0,0,2.189012521,0
3.09,0,-0.8105616452,0,0,-0.6338234542,0,0,2.202885052,0
3.1,0,-0.8167895097,0,0,-0.6117274239,0,0,2.216234301,0
3.11,0,-0.8227957552,0,0,-0.5895005318,0,0,2.229056845,0
3.12,0,-0.8285790996,0,0,-0.5671480623,0,0,2.241349279,0
3.13,0,-0.8341383136,0,0,-0.5446753328,0,0,2.253108333,0
3.14,0,-0.8394722213,0,0,-0.5220876924,0,0,2.264330956,0
3.15,0,-0.8445797005,0,0,-0.4993905203,0,0,2.275014174,0
3.16,0,-0.8494596829,0,0,-0.4765892248,0,0,2.285155206,0
3.17,0,-0.8541111544,0,0,-0.4536892419,0,0,2.29475139,0
3.18,0,-0.8585331554,0,0,-0.4306960337,0,0,2.303799886,0
3.19,0,-0.8627247811,0,0,-0.4076150872,0,0,2.312298515,0
3.2,0,-0.8666851816,0,0,-0.3844519129,0,0,2.320245057,0
3.21,0,-0.8704135624,0,0,-0.3612120435,0,0,2.327637287,0
3.22,0,-0.8739091842,0,0,-0.3379010322,0,0,2.334473162,0
3.23,0,-0.8771713634,0,0,-0.3145244518,0,0,2.340750808,0
3.24,0,-0.8801994723,0,0,-0.2910878931,0,0,2.346468538,0
3.25,0,-0.8829929391,0,0,-0.2675969632,0,0,2.35162484,0
3.26,0,-0.8855512482,0,0,-0.2440572846,0,0,2.356218058,0
3.27,0,-0.8878739403,0,0,-0.2204744934,0,0,2.360247067,0
3.28,0,-0.8899606126,0,0,-0.1968542381,0,0,2.363710548,0
3.29,0,-0.8918109186,0,0,-0.1732021781,0,0,2.36660766,0
3.3,0,-0.8934245686,0,0,-0.1495239825,0,0,2.36893759,0
3.31,0,-0.8948013297,0,0,-0.1258253282,0,0,2.370699424,0
3.32,0,-0.8959410256,0,0,-0.1021118992,0,0,2.37189248,0
3.33,0,-0.8968435372,0,0,-0.07838938427,0,0,2.372516532,0
3.34,0,-0.897508802,0,0,-0.05466347649,0,0,2.372571093,0
3.35,0,-0.8979368145,0,0,-0.03093987113,0,0,2.372056031,0
3.36,0,-0.8981276262,0,0,-0.007224264512,0,0,2.370971324,0
3.37,0,-0.8980813456,0,0,0.01647764743,0,0,2.36931709,0
3.38,0,-0.8977981382,0,0,0.0401601706,0,0,2.367093672,0
3.39,0,-0.8972782262,0,0,0.06381761416,0,0,2.364301287,0
3.4,0,-0.896521889,0,0,0.08744429194,0,0,2.360940672,0
3.41,0,-0.8955294625,0,0,0.1110345239,0,0,2.357012256,0
3.42,0,-0.8943013396,0,0,0.1345826373,0,0,2.352517039,0
3.43,0,-0.8928379698,0,0,0.1580829687,0,0,2.347456084,0
3.44,0,-0.8911398592,0,0,0.1815298647,0,0,2.341830232,0
3.45,0,-0.8892075704,0,0,0.2049176837,0,0,2.335640917,0
3.46,0,-0.8870417223,0,0,0.2282407972,0,0,2.328889405,0
3.47,0,-0.8846429901,0,0,0.2514935915,0,0,2.321577244,0
3.48,0,-0.8820121049,0,0,0.2746704684,0,0,2.313706188,0
3.49,0,-0.8791498537,0,0,0.2977658476,0,0,2.305277968,0
3.5,0,-0.8760570796,0,0,0.320774167,0,0,2.296294539,0
3.51,0,-0.8727346806,0,0,0.343689885,0,0,2.286758044,0
3.52,0,-0.8691836106,0,0,0.3665074813,0,0,2.276670603,0
3.53,0,-0.8654048782,0,0,0.3892214587,0,0,2.266034619,0
3.54,0,-0.8613995469,0,0,0.4118263439,0,0,2.254852602,0
3.55,0,-0.857168735,0,0,0.4343166895,0,0,2.24312714,0
3.56,0,-0.852713615,0,0,0.4566870749,0,0,2.230861022,0
3.57,0,-0.8480354135,0,0,0.4789321081,0,0,2.218057141,0
3.58,0,-0.8431354107,0,0,0.5010464263,0,0,2.204718544,0
3.59,0,-0.8380149407,0,0,0.5230246981,0,0,2.190848382,0
3.6,0,-0.8326753903,0,0,0.5448616243,0,0,2.176449961,0
3.61,0,-0.8271181994,0,0,0.5665519392,0,0,2.161526723,0
3.62,0,-0.8213448602,0,0,0.5880904123,0,0,2.146082192,0
3.63,0,-0.8153569172,0,0,0.6094718491,0,0,2.130120105,0
3.64,0,-0.8091559666,0,0,0.630691093,0,0,2.113644249,0
3.65,0,-0.8027436559,0,0,0.6517430258,0,0,2.096658561,0
3.66,0,-0.7961216836,0,0,0.6726225698,0,0,2.079167147,0
3.67,0,-0.7892917989,0,0,0.6933246885,0,0,2.061174193,0
3.68,0,-0.782255801,0,0,0.713844388,0,0,2.042684028,0
3.69,0,-0.7750155389,0,0,0.7341767183,0,0,2.023701108,0
3.7,0,-0.7675729108,0,0,0.7543167745,0,0,2.004229994,0
3.71,0,-0.7599298638,0,0,0.7742596982,0,0,1.984275376,0
3.72,0,-0.7520883934,0,0,0.7940006783,0,0,1.963842065,0
3.73,0,-0.7440505427,0,0,0.8135349526,0,0,1.94293501,0
3.74,0,-0.7358184026,0,0,0.8328578086,0,0,1.921559282,0
3.75,0,-0.7273941105,0,0,0.8519645852,0,0,1.899720005,0
3.76,0,-0.7187798502,0,0,0.8708506734,0,0,1.877422483,0
3.77,0,-0.7099778516,0,0,0.8895115175,0,0,1.854672093,0
3.78,0,-0.7009903896,0,0,0.9079426164,0,0,1.831474364,0
3.79,0,-0.6918197839,0,0,0.9261395249,0,0,1.807834923,0
3.8,0,-0.6824683983,0,0,0.9440978543,0,0,1.783759499,0
3.81,0,-0.6729386406,0,0,0.9618132738,0,0,1.759253927,0
3.82,0,-0.663232961,0,0,0.9792815115,0,0,1.734324147,0
3.83,0,-0.6533538525,0,0,0.9964983557,0,0,1.708976215,0
3.84,0,-0.64330385,0,0,1.013459656,0,0,1.683216289,0
3.85,0,-0.6330855292,0,0,1.030161322,0,0,1.657050638,0
3.86,0,-0.6227015068,0,0,1.04659933,0,0,1.630485618,0
3.87,0,-0.6121544392,0,0,1.062769719,0,0,1.603527682,0
3.88,0,-0.6014470221,0,0,1.07866859,0,0,1.576183404,0
3.89,0,-0.5905819899,0,0,1.094292115,0,0,1.548459428,0
3.9,0,-0.5795621149,0,0,1.109636529,0,0,1.520362499,0
3.91,0,-0.5683902067,0,0,1.124698138,0,0,1.491899453,0
3.92,0,-0.5570691117,0,0,1.139473315,0,0,1.463077232,0
3.93,0,-0.5456017119,0,0,1.153958503,0,0,1.433902868,0
3.94,0,-0.5339909248,0,0,1.168150217,0,0,1.404383462,0
3.95,0,-0.5222397022,0,0,1.182045041,0,0,1.37452621,0
3.96,0,-0.5103510298,0,0,1.195639634,0,0,1.344338397,0
3.97,0,-0.4983279263,0,0,1.208930727,0,0,1.313827385,0
3.98,0,-0.4861734428,0,0,1.221915124,0,0,1.283000615,0
3.99,0,-0.4738906618,0,0,1.234589707,0,0,1.251865611,0
4,0,-0.4614826968,0,0,1.246951429,0,0,1.220429972,0
4.01,0,-0.4489526912,0,0,1.258997324,0,0,1.188701359,0
4.02,0,-0.436303818,0,0,1.270724501,0,0,1.156687541,0
4.03,0,-0.4235392784,0,0,1.282130146,0,0,1.124396318,0
4.04,0,-0.4106623014,0,0,1.293211525,0,0,1.09183559,0
4.05,0,-0.3976761432,0,0,1.303965982,0,0,1.05901331,0
4.06,0,-0.3845840857,0,0,1.314390942,0,0,1.025937496,0
4.07,0,-0.3713894366,0,0,1.324483909,0,0,0.9926162407,0
4.08,0,-0.3580955278,0,0,1.334242471,0,0,0.9590576843,0
4.09,0,-0.3447057153,0,0,1.343664295,0,0,0.9252700162,0
4.1,0,-0.3312233776,0,0,1.352747132,0,0,0.8912615073,0
4.11,0,-0.3176519155,0,0,1.361488814,0,0,0.8570404839,0
4.12,0,-0.3039947512,0,0,1.369887258,0,0,0.8226153097,0
4.13,0,-0.290255327,0,0,1.377940464,0,0,0.7879944169,0
4.14,0,-0.2764371049,0,0,1.385646518,0,0,0.7531862509,0
4.15,0,-0.2625435658,0,0,1.39300359,0,0,0.7181993453,0
4.16,0,-0.2485782081,0,0,1.400009935,0,0,0.6830422537,0
4.17,0,-0.2345445476,0,0,1.406663894,0,0,0.6477235878,0
4.18,0,-0.2204461161,0,0,1.412963894,0,0,0.6122519838,0
4.19,0,-0.2062864605,0,0,1.418908451,0,0,0.5766361474,0
4.2,0,-0.1920691425,0,0,1.424496163,0,0,0.5408847718,0
4.21,0,-0.1777977371,0,0,1.429725722,0,0,0.5050066327,0
4.22,0,-0.1634758321,0,0,1.434595901,0,0,0.4690105049,0
4.23,0,-0.1491070269,0,0,1.439105566,0,0,0.4329052014,0
4.24,0,-0.1346949321,0,0,1.443253669,0,0,0.3966995696,0
4.25,0,-0.120243168,0,0,1.447039251,0,0,0.3604024842,0
4.26,0,-0.1057553645,0,0,1.450461442,0,0,0.3240228245,0
4.27,0,-0.09123515923,0,0,1.453519461,0,0,0.2875695094,0
4.28,0,-0.0766861976,0,0,1.456212615,0,0,0.2510514703,0
4.29,0,-0.0621121313,0,0,1.458540303,0,0,0.2144776563,0
4.3,0,-0.04751661763,0,0,1.460502011,0,0,0.1778570302,0
4.31,0,-0.03290331858,0,0,1.462097317,0,0,0.1411985647,0
4.32,0,-0.01827589992,0,0,1.463325886,0,0,0.1045112463,0
4.33,0,-0.003638030305,0,0,1.464187475,0,0,0.06780406904,0
4.34,0,0.01100661963,0,0,1.464681931,0,0,0.03108602798,0
4.35,0,0.02565437814,0,0,1.46480919,0,0,-0.00563387361,0
4.36,0,0.04030157333,0,0,1.464569277,0,0,-0.04234663391,0
4.37,0,0.054944534,0,0,1.463962311,0,0,-0.07904325231,0
4.38,0,0.06957959055,0,0,1.462988497,0,0,-0.11571473,0
4.39,0,0.08420307592,0,0,1.461648131,0,0,-0.1523520777,0
4.4,0,0.09881132645,0,0,1.459941599,0,0,-0.1889463081,0
4.41,0,0.1134006828,0,0,1.457869379,0,0,-0.2254884483,0
4.42,0,0.1279674908,0,0,1.455432035,0,0,-0.2619695395,0
4.43,0,0.1425081025,0,0,1.452630223,0,0,-0.2983806272,0
4.44,0,0.1570188767,0,0,1.449464687,0,0,-0.3347127834,0
4.45,0,0.1714961805,0,0,1.445936261,0,0,-0.3709571058,0
4.46,0,0.1859363893,0,0,1.442045869,0,0,-0.407104693,0
4.47,0,0.2003358886,0,0,1.437794521,0,0,-0.4431466768,0
4.48,0,0.2146910742,0,0,1.433183319,0,0,-0.4790742262,0
4.49,0,0.2289983534,0,0,1.42821345,0,0,-0.5148785135,0
4.5,0,0.2432541458,0,0,1.422886191,0,0,-0.5505507676,0
4.51,0,0.2574548844,0,0,1.417202906,0,0,-0.5860822404,0
4.52,0,0.2715970161,0,0,1.411165047,0,0,-0.621464192,0
4.53,0,0.2856770026,0,0,1.404774152,0,0,-0.656687964,0
4.54,0,0.2996913218,0,0,1.398031847,0,0,-0.6917448988,0
4.55,0,0.313636468,0,0,1.390939842,0,0,-0.726626404,0
4.56,0,0.3275089532,0,0,1.383499935,0,0,-0.7613239185,0
4.57,0,0.3413053075,0,0,1.375714009,0,0,-0.7958289141,0
4.58,0,0.3550220807,0,0,1.36758403,0,0,-0.8301329388,0
4.59,0,0.3686558424,0,0,1.359112051,0,0,-0.8642275632,0
4.6,0,0.3822031831,0,0,1.350300208,0,0,-0.8981044529,0
4.61,0,0.3956607154,0,0,1.34115072,0,0,-0.9317552529,0
4.62,0,0.4090250741,0,0,1.331665888,0,0,-0.965171718,0
4.63,0,0.4222929176,0,0,1.321848097,0,0,-0.9983456676,0
4.64,0,0.4354609288,0,0,1.311699814,0,0,-1.031268944,0
4.65,0,0.4485258153,0,0,1.301223585,0,0,-1.063933459,0
4.66,0,0.4614843106,0,0,1.290422039,0,0,-1.096331206,0
4.67,0,0.4743331752,0,0,1.279297882,0,0,-1.128454238,0
4.68,0,0.4870691968,0,0,1.267853901,0,0,-1.160294648,0
4.69,0,0.4996891914,0,0,1.256092961,0,0,-1.191844652,0
4.7,0,0.512190004,0,0,1.244018007,0,0,-1.22309648,0
4.71,0,0.5245685096,0,0,1.231632056,0,0,-1.254042491,0
4.72,0,0.5368216136,0,0,1.218938207,0,0,-1.284675059,0
4.73,0,0.5489462529,0,0,1.20593963,0,0,-1.314986693,0
4.74,0,0.5609393962,0,0,1.192639573,0,0,-1.344969934,0
4.75,0,0.5727980455,0,0,1.179041356,0,0,-1.374617433,0
4.76,0,0.5845192359,0,0,1.165148374,0,0,-1.403921908,0
4.77,0,0.596100037,0,0,1.150964092,0,0,-1.432876169,0
4.78,0,0.6075375536,0,0,1.136492048,0,0,-1.461473108,0
4.79,0,0.618828926,0,0,1.12173585,0,0,-1.489705703,0
4.8,0,0.629971331,0,0,1.106699177,0,0,-1.517567025,0
4.81,0,0.6409619825,0,0,1.091385776,0,0,-1.545050289,0
4.82,0,0.6517981322,0,0,1.075799461,0,0,-1.572148681,0
4.83,0,0.6624770704,0,0,1.059944114,0,0,-1.598855556,0
4.84,0,0.6729961264,0,0,1.043823683,0,0,-1.625164422,0
4.85,0,0.6833526694,0,0,1.027442181,0,0,-1.651068742,0
4.86,0,0.6935441091,0,0,1.010803685,0,0,-1.676562187,0
4.87,0,0.703567896,0,0,0.9939123353,0,0,-1.701638538,0
4.88,0,0.7134215227,0,0,0.976772333,0,0,-1.726291594,0
4.89,0,0.723102524,0,0,0.9593879418,0,0,-1.750515346,0
4.9,0,0.7326084773,0,0,0.9417634845,0,0,-1.774303808,0
4.91,0,0.7419370041,0,0,0.9239033431,0,0,-1.797651214,0
4.92,0,0.7510857695,0,0,0.9058119574,0,0,-1.820551771,0
4.93,0,0.7600524836,0,0,0.8874938238,0,0,-1.842999886,0
4.94,0,0.7688349016,0,0,0.8689534944,0,0,-1.864990068,0
4.95,0,0.7774308245,0,0,0.8501955758,0,0,-1.886516854,0
4.96,0,0.7858380997,0,0,0.831224728,0,0,-1.907575082,0
4.97,0,0.7940546215,0,0,0.812045663,0,0,-1.928159436,0
4.98,0,0.8020783314,0,0,0.7926631442,0,0,-1.948264964,0
4.99,0,0.8099072189,0,0,0.7730819848,0,0,-1.967886749,0
5,0,0.8175393219,0,0,0.7533070464,0,0,-1.987019961,0
5.01,0,0.8249727271,0,0,0.7333432385,0,0,-2.005659884,0
5.02,0,0.8322055705,0,0,0.7131955167,0,0,-2.023801938,0
5.03,0,0.839236038,0,0,0.6928688817,0,0,-2.041441723,0
5.04,0,0.8460623657,0,0,0.6723683782,0,0,-2.058574949,0
5.05,0,0.8526828401,0,0,0.6516990933,0,0,-2.075197394,0
5.06,0,0.8590957993,0,0,0.6308661554,0,0,-2.091304914,0
5.07,0,0.8652996323,0,0,0.6098747334,0,0,-2.106893587,0
5.08,0,0.8712927804,0,0,0.5887300346,0,0,-2.12195964,0
5.09,0,0.8770737371,0,0,0.5674373039,0,0,-2.136499367,0
5.1,0,0.8826410483,0,0,0.5460018228,0,0,-2.150509179,0
5.11,0,0.8879933131,0,0,0.5244289072,0,0,-2.163985682,0
5.12,0,0.8931291839,0,0,0.5027239071,0,0,-2.176925542,0
5.13,0,0.8980473668,0,0,0.4808922047,0,0,-2.189325648,0
5.14,0,0.9027466217,0,0,0.4589392129,0,0,-2.201182915,0
5.15,0,0.9072257629,0,0,0.4368703747,0,0,-2.212494461,0
5.16,0,0.9114836594,0,0,0.4146911612,0,0,-2.223257488,0
5.17,0,0.9155192348,0,0,0.3924070705,0,0,-2.23346942,0
5.18,0,0.9193314679,0,0,0.3700236263,0,0,-2.243127723,0
5.19,0,0.922919393,0,0,0.3475463765,0,0,-2.252230081,0
5.2,0,0.9262820999,0,0,0.3249808921,0,0,-2.260774409,0
5.21,0,0.929418734,0,0,0.3023327655,0,0,-2.268758295,0
5.22,0,0.9323284971,0,0,0.2796076091,0,0,-2.276179924,0
5.23,0,0.935010647,0,0,0.2568110544,0,0,-2.283037706,0
5.24,0,0.9374644979,0,0,0.2339487499,0,0,-2.289329788,0
5.25,0,0.9396894207,0,0,0.2110263605,0,0,-2.295054497,0
5.26,0,0.9416848429,0,0,0.1880495652,0,0,-2.300210673,0
5.27,0,0.9434502488,0,0,0.1650240566,0,0,-2.304797021,0
5.28,0,0.9449851799,0,0,0.1419555389,0,0,-2.308812313,0
5.29,0,0.9462892347,0,0,0.1188497267,0,0,-2.312255644,0
5.3,0,0.9473620687,0,0,0.09571234356,0,0,-2.315126225,0
5.31,0,0.948203395,0,0,0.0725491207,0,0,-2.317423518,0
5.32,0,0.9488129838,0,0,0.04936579541,0,0,-2.319146809,0
5.33,0,0.9491906628,0,0,0.02616810974,0,0,-2.320295627,0
5.34,0,0.9493363171,0,0,0.00296180906,0,0,-2.320869732,0
5.35,0,0.9492498893,0,0,-0.02024735935,0,0,-2.320869121,0
5.36,0,0.9489313795,0,0,-0.04345364771,0,0,-2.320293715,0
5.37,0,0.9483808453,0,0,-0.06665130917,0,0,-2.319143786,0
5.38,0,0.9475984015,0,0,-0.0898345992,0,0,-2.317419497,0
5.39,0,0.9465842207,0,0,-0.112997777,0,0,-2.315121356,0
5.4,0,0.9453385326,0,0,-0.1361351071,0,0,-2.312250023,0
5.41,0,0.9438616243,0,0,-0.1592408604,0,0,-2.308806205,0
5.42,0,0.9421538403,0,0,-0.1823093158,0,0,-2.304790638,0
5.43,0,0.9402155821,0,0,-0.2053347618,0,0,-2.300204499,0
5.44,0,0.9380473083,0,0,-0.2283114975,0,0,-2.295048896,0
5.45,0,0.9356495344,0,0,-0.2512338344,0,0,-2.289325003,0
5.46,0,0.9330228328,0,0,-0.2740960974,0,0,-2.283034359,0
5.47,0,0.9301678327,0,0,-0.2968926267,0,0,-2.276178496,0
5.48,0,0.9270852194,0,0,-0.3196177785,0,0,-2.268759145,0
5.49,0,0.9237757351,0,0,-0.3422659273,0,0,-2.260778142,0
5.5,0,0.9202401776,0,0,-0.3648314663,0,0,-2.25223751,0
5.51,0,0.9164794012,0,0,-0.3873088096,0,0,-2.243139367,0
5.52,0,0.9124943156,0,0,-0.4096923931,0,0,-2.233485948,0
5.53,0,0.908285886,0,0,-0.4319766761,0,0,-2.223279657,0
5.54,0,0.9038551332,0,0,-0.4541561424,0,0,-2.212523024,0
5.55,0,0.8992031327,0,0,-0.4762253022,0,0,-2.201218762,0
5.56,0,0.894331015,0,0,-0.4981786926,0,0,-2.189369649,0
5.57,0,0.8892399649,0,0,-0.5200108798,0,0,-2.176978625,0
5.58,0,0.8839312215,0,0,-0.54171646,0,0,-2.164048769,0
5.59,0,0.8784060779,0,0,-0.5632900608,0,0,-2.150583277,0
5.6,0,0.8726658804,0,0,-0.5847263424,0,0,-2.136585505,0
5.61,0,0.8667120288,0,0,-0.6060199993,0,0,-2.122058916,0
5.62,0,0.8605459759,0,0,-0.627165761,0,0,-2.107007101,0
5.63,0,0.8541692266,0,0,-0.6481583941,0,0,-2.091433793,0
5.64,0,0.8475833384,0,0,-0.6689927028,0,0,-2.075342863,0
5.65,0,0.8407899202,0,0,-0.6896635307,0,0,-2.058738293,0
5.66,0,0.8337906326,0,0,-0.7101657617,0,0,-2.041624189,0
5.67,0,0.8265871868,0,0,-0.7304943217,0,0,-2.024004795,0
5.68,0,0.8191813449,0,0,-0.7506441795,0,0,-2.005884481,0
5.69,0,0.8115749186,0,0,-0.7706103481,0,0,-1.987267715,0
5.7,0,0.8037697698,0,0,-0.7903878859,0,0,-1.968159112,0
5.71,0,0.7957678093,0,0,-0.8099718983,0,0,-1.948563403,0
5.72,0,0.7875709964,0,0,-0.8293575383,0,0,-1.928485442,0
5.73,0,0.7791813391,0,0,-0.8485400082,0,0,-1.907930206,0
5.74,0,0.7706008928,0,0,-0.8675145603,0,0,-1.886902755,0
5.75,0,0.7618317602,0,0,-0.8862764986,0,0,-1.865408302,0
5.76,0,0.7528760907,0,0,-0.9048211796,0,0,-1.843452177,0
5.77,0,0.7437360799,0,0,-0.9231440137,0,0,-1.821039802,0
5.78,0,0.7344139689,0,0,-0.9412404658,0,0,-1.798176726,0
5.79,0,0.724912044,0,0,-0.9591060573,0,0,-1.774868593,0
5.8,0,0.715232636,0,0,-0.9767363662,0,0,-1.751121189,0
5.81,0,0.7053781195,0,0,-0.9941270291,0,0,-1.72694037,0
5.82,0,0.6953509126,0,0,-1.011273742,0,0,-1.702332117,0
5.83,0,0.6851534762,0,0,-1.02817226,0,0,-1.677302519,0
5.84,0,0.674788313,0,0,-1.044818401,0,0,-1.651857745,0
5.85,0,0.6642579674,0,0,-1.061208045,0,0,-1.626004117,0
5.86,0,0.653565025,0,0,-1.077337135,0,0,-1.599748002,0
5.87,0,0.642712111,0,0,-1.093201679,0,0,-1.573095918,0
5.88,0,0.6317018908,0,0,-1.108797749,0,0,-1.546054432,0
5.89,0,0.6205370684,0,0,-1.124121486,0,0,-1.518630245,0
5.9,0,0.6092203862,0,0,-1.139169095,0,0,-1.49083012,0
5.91,0,0.5977546241,0,0,-1.153936852,0,0,-1.462660935,0
5.92,0,0.5861425989,0,0,-1.1684211,0,0,-1.434129658,0
5.93,0,0.5743871639,0,0,-1.182618255,0,0,-1.405243317,0
5.94,0,0.5624912074,0,0,-1.196524801,0,0,-1.376009075,0
5.95,0,0.550457653,0,0,-1.210137295,0,0,-1.346434157,0
5.96,0,0.5382894579,0,0,-1.223452367,0,0,-1.31652586,0
5.97,0,0.5259896131,0,0,-1.23646672,0,0,-1.286291593,0
5.98,0,0.5135611418,0,0,-1.249177132,0,0,-1.255738809,0
5.99,0,0.5010070992,0,0,-1.261580454,0,0,-1.224875054,0
6,0,0.4883305718,0,0,-1.273673616,0,0,-1.193707962,0
6.01,0,0.475534676,0,0,-1.285453623,0,0,-1.162245242,0
6.02,0,0.4626225582,0,0,-1.296917557,0,0,-1.130494656,0
6.03,0,0.4495973933,0,0,-1.308062578,0,0,-1.098464056,0
6.04,0,0.4364623843,0,0,-1.318885926,0,0,-1.066161374,0
6.05,0,0.4232207614,0,0,-1.32938492,0,0,-1.033594539,0
6.06,0,0.4098757812,0,0,-1.339556959,0,0,-1.00077166,0
6.07,0,0.396430726,0,0,-1.349399523,0,0,-0.9677007956,0
6.08,0,0.3828889028,0,0,-1.358910172,0,0,-0.934390137,0
6.09,0,0.3692536425,0,0,-1.36808655,0,0,-0.9008479165,0
6.1,0,0.3555282993,0,0,-1.376926382,0,0,-0.8670824109,0
6.11,0,0.3417162496,0,0,-1.385427478,0,0,-0.8331019825,0
6.12,0,0.3278208916,0,0,-1.39358773,0,0,-0.7989150044,0
6.13,0,0.3138456437,0,0,-1.401405114,0,0,-0.7645299174,0
6.14,0,0.2997939445,0,0,-1.408877693,0,0,-0.729955225,0
6.15,0,0.2856692512,0,0,-1.416003612,0,0,-0.6951994694,0
6.16,0,0.2714750395,0,0,-1.422781104,0,0,-0.6602712318,0
6.17,0,0.2572148021,0,0,-1.429208487,0,0,-0.6251791379,0
6.18,0,0.242892048,0,0,-1.435284167,0,0,-0.589931865,0
6.19,0,0.2285103021,0,0,-1.441006634,0,0,-0.5545381058,0
6.2,0,0.2140731034,0,0,-1.446374468,0,0,-0.519006608,0
6.21,0,0.1995840053,0,0,-1.451386334,0,0,-0.4833461577,0
6.22,0,0.1850465735,0,0,-1.456040988,0,0,-0.4475655479,0
6.23,0,0.1704643861,0,0,-1.460337272,0,0,-0.4116736305,0
6.24,0,0.1558410322,0,0,-1.464274118,0,0,-0.3756792571,0
6.25,0,0.1411801112,0,0,-1.467850544,0,0,-0.3395913231,0
6.26,0,0.1264852318,0,0,-1.471065661,0,0,-0.303418735,0
6.27,0,0.1117600111,0,0,-1.473918665,0,0,-0.2671704301,0
6.28,0,0.09700807399,0,0,-1.476408845,0,0,-0.2308553634,0
6.29,0,0.08223305182,0,0,-1.478535579,0,0,-0.1944825042,0
6.3,0,0.06743858181,0,0,-1.480298332,0,0,-0.1580608318,0
6.31,0,0.05262830605,0,0,-1.481696662,0,0,-0.121599342,0
6.32,0,0.03780587063,0,0,-1.482730216,0,0,-0.08510703969,0
6.33,0,0.02297492468,0,0,-1.48339873,0,0,-0.04859293583,0
6.34,0,0.008139119552,0,0,-1.483702032,0,0,-0.01206604874,0
6.35,0,-0.006697892151,0,0,-1.483640038,0,0,0.02446460174,0
6.36,0,-0.02153245744,0,0,-1.483212757,0,0,0.06098999431,0
6.37,0,-0.03636092385,0,0,-1.482420286,0,0,0.097501109,0
6.38,0,-0.05117964034,0,0,-1.481262813,0,0,0.1339889299,0
6.39,0,-0.06598495822,0,0,-1.479740616,0,0,0.1704444476,0
6.4,0,-0.08077323201,0,0,-1.477854062,0,0,0.2068586578,0
6.41,0,-0.09554082035,0,0,-1.475603611,0,0,0.2432225687,0
6.42,0,-0.1102840869,0,0,-1.47298981,0,0,0.2795272026,0
6.43,0,-0.1249994014,0,0,-1.470013296,0,0,0.3157635896,0
6.44,0,-0.1396831402,0,0,-1.466674797,0,0,0.3519227861,0
6.45,0,-0.1543316874,0,0,-1.462975129,0,0,0.387995863,0
6.46,0,-0.1689414358,0,0,-1.458915198,0,0,0.4239739113,0
6.47,0,-0.1835087877,0,0,-1.454495999,0,0,0.4598480475,0
6.48,0,-0.1980301558,0,0,-1.449718615,0,0,0.4956094113,0
6.49,0,-0.2125019639,0,0,-1.444584218,0,0,0.5312491837,0
6.5,0,-0.2269206483,0,0,-1.439094068,0,0,0.5667585516,0
6.51,0,-0.241282658,0,0,-1.433249513,0,0,0.602128742,0
6.52,0,-0.2555844561,0,0,-1.427051989,0,0,0.6373510267,0
6.53,0,-0.2698225204,0,0,-1.420503017,0,0,0.6724167163,0
6.54,0,-0.2839933444,0,0,-1.413604208,0,0,0.7073171483,0
6.55,0,-0.2980934382,0,0,-1.406357256,0,0,0.7420437066,0
6.56,0,-0.3121193291,0,0,-1.398763945,0,0,0.776587826,0
6.57,0,-0.326067563,0,0,-1.39082614,0,0,0.8109409431,0
6.58,0,-0.3399347044,0,0,-1.382545794,0,0,0.8450946069,0
6.59,0,-0.3537173381,0,0,-1.373924944,0,0,0.8790403702,0
6.6,0,-0.3674120696,0,0,-1.364965711,0,0,0.9127698523,0
6.61,0,-0.3810155261,0,0,-1.355670299,0,0,0.9462747352,0
6.62,0,-0.394524357,0,0,-1.346040996,0,0,0.9795467339,0
6.63,0,-0.4079352353,0,0,-1.336080172,0,0,1.012577658,0
6.64,0,-0.421244858,0,0,-1.325790278,0,0,1.045359321,0
6.65,0,-0.4344499469,0,0,-1.315173848,0,0,1.077883631,0
6.66,0,-0.4475472498,0,0,-1.304233494,0,0,1.110142569,0
6.67,0,-0.4605335406,0,0,-1.292971912,0,0,1.142128185,0
6.68,0,-0.4734056211,0,0,-1.281391873,0,0,1.173832553,0
6.69,0,-0.4861603208,0,0,-1.269496229,0,0,1.205247846,0
6.7,0,-0.4987944982,0,0,-1.257287911,0,0,1.236366315,0
6.71,0,-0.5113050416,0,0,-1.244769923,0,0,1.267180281,0
6.72,0,-0.5236888695,0,0,-1.231945351,0,0,1.297682116,0
6.73,0,-0.535942932,0,0,-1.218817352,0,0,1.327864328,0
6.74,0,-0.5480642109,0,0,-1.20538916,0,0,1.357719435,0
6.75,0,-0.5600497206,0,0,-1.191664084,0,0,1.387240067,0
6.76,0,-0.5718965093,0,0,-1.177645504,0,0,1.416418941,0
6.77,0,-0.583601659,0,0,-1.163336874,0,0,1.445248877,0
6.78,0,-0.5951622868,0,0,-1.148741719,0,0,1.473722724,0
6.79,0,-0.6065755455,0,0,-1.133863636,0,0,1.501833443,0
6.8,0,-0.617838624,0,0,-1.118706291,0,0,1.52957411,0
6.81,0,-0.6289487483,0,0,-1.103273417,0,0,1.55693786,0
6.82,0,-0.639903182,0,0,-1.087568819,0,0,1.583917975,0
6.83,0,-0.6506992273,0,0,-1.071596366,0,0,1.610507741,0
6.84,0,-0.6613342252,0,0,-1.055359994,0,0,1.636700628,0
6.85,0,-0.6718055564,0,0,-1.038863705,0,0,1.662490162,0
6.86,0,-0.6821106421,0,0,-1.022111563,0,0,1.687869992,0
6.87,0,-0.6922469443,0,0,-1.005107698,0,0,1.712833818,0
6.88,0,-0.7022119668,0,0,-0.9878563012,0,0,1.737375486,0
6.89,0,-0.7120032553,0,0,-0.9703616233,0,0,1.761488953,0
6.9,0,-0.7216183987,0,0,-0.9526279768,0,0,1.785168238,0
6.91,0,-0.7310550289,0,0,-0.9346597326,0,0,1.808407509,0
6.92,0,-0.7403108222,0,0,-0.9164613197,0,0,1.831201026,0
6.93,0,-0.7493834993,0,0,-0.8980372239,0,0,1.853543194,0
6.94,0,-0.7582708258,0,0,-0.8793919866,0,0,1.875428442,0
6.95,0,-0.7669706135,0,0,-0.8605302039,0,0,1.896851384,0
6.96,0,-0.77548072,0,0,-0.8414565254,0,0,1.917806742,0
6.97,0,-0.7837990499,0,0,-0.822175653,0,0,1.93828933,0
6.98,0,-0.7919235549,0,0,-0.8026923398,0,0,1.958294085,0
6.99,0,-0.7998522346,0,0,-0.7830113887,0,0,1.977816068,0
7,0,-0.8075831368,0,0,-0.7631376518,0,0,1.996850497,0
7.01,0,-0.8151143582,0,0,-0.7430760283,0,0,2.015392578,0
7.02,0,-0.8224440445,0,0,-0.7228314643,0,0,2.033437802,0
7.03,0,-0.8295703913,0,0,-0.7024089506,0,0,2.050981735,0
7.04,0,-0.8364916442,0,0,-0.6818135224,0,0,2.068020034,0
7.05,0,-0.8432060994,0,0,-0.6610502573,0,0,2.084548447,0
7.06,0,-0.8497121042,0,0,-0.6401242744,0,0,2.100562972,0
7.07,0,-0.8560080571,0,0,-0.6190407331,0,0,2.116059513,0
7.08,0,-0.8620924084,0,0,-0.5978048317,0,0,2.131034373,0
7.09,0,-0.8679636608,0,0,-0.5764218059,0,0,2.145483731,0
7.1,0,-0.8736203693,0,0,-0.554896928,0,0,2.159404133,0
7.11,0,-0.8790611419,0,0,-0.5332355052,0,0,2.172792135,0
7.12,0,-0.8842846399,0,0,-0.5114428786,0,0,2.185644426,0
7.13,0,-0.889289578,0,0,-0.4895244214,0,0,2.197957847,0
7.14,0,-0.8940747249,0,0,-0.4674855382,0,0,2.209729169,0
7.15,0,-0.8986389035,0,0,-0.4453316632,0,0,2.220955684,0
7.16,0,-0.9029809912,0,0,-0.423068259,0,0,2.231634558,0
7.17,0,-0.9070999201,0,0,-0.4007008153,0,0,2.241763208,0
7.18,0,-0.9109946774,0,0,-0.3782348474,0,0,2.251339113,0
7.19,0,-0.9146643055,0,0,-0.3556758952,0,0,2.260359693,0
7.2,0,-0.9181079024,0,0,-0.3330295212,0,0,2.268822933,0
7.21,0,-0.9213246218,0,0,-0.3103013099,0,0,2.276726847,0
7.22,0,-0.9243136733,0,0,-0.2874968657,0,0,2.284069242,0
7.23,0,-0.9270743226,0,0,-0.264621812,0,0,2.290848368,0
7.24,0,-0.9296058918,0,0,-0.2416817897,0,0,2.29706264,0
7.25,0,-0.9319077597,0,0,-0.2186824557,0,0,2.302710603,0
7.26,0,-0.9339793612,0,0,-0.1956294815,0,0,2.307790487,0
7.27,0,-0.9358201886,0,0,-0.1725285519,0,0,2.312301399,0
7.28,0,-0.9374297907,0,0,-0.1493853637,0,0,2.316242125,0
7.29,0,-0.9388077734,0,0,-0.126205624,0,0,2.31961159,0
7.3,0,-0.9399537999,0,0,-0.1029950489,0,0,2.322409067,0
7.31,0,-0.9408675903,0,0,-0.07975936241,0,0,2.324633788,0
7.32,0,-0.9415489222,0,0,-0.05650429448,0,0,2.326285247,0
7.33,0,-0.9419976305,0,0,-0.03323558,0,0,2.327363017,0
7.34,0,-0.9422136073,0,0,-0.00995895725,0,0,2.327866853,0
7.35,0,-0.9421968024,0,0,0.01331983351,0,0,2.327796607,0
7.36,0,-0.9419472226,0,0,0.03659505148,0,0,2.327152336,0
7.37,0,-0.9414649325,0,0,0.05986095668,0,0,2.325934091,0
7.38,0,-0.9407500539,0,0,0.08311181142,0,0,2.324142339,0
7.39,0,-0.9398027659,0,0,0.1063418817,0,0,2.321777442,0
7.4,0,-0.9386233051,0,0,0.1295454386,0,0,2.318839718,0
7.41,0,-0.9372119651,0,0,0.1527167598,0,0,2.31533023,0
7.42,0,-0.935569097,0,0,0.1758501307,0,0,2.311249842,0
7.43,0,-0.9336951088,0,0,0.1989398462,0,0,2.306599379,0
7.44,0,-0.9315904654,0,0,0.221980212,0,0,2.301380141,0
7.45,0,-0.9292556889,0,0,0.2449655459,0,0,2.295593284,0
7.46,0,-0.9266913579,0,0,0.267890179,0,0,2.28924021,0
7.47,0,-0.9238981076,0,0,0.2907484578,0,0,2.282322612,0
7.48,0,-0.9208766299,0,0,0.3135347448,0,0,2.274842135,0
7.49,0,-0.9176276727,0,0,0.3362434203,0,0,2.266800622,0
7.5,0,-0.9141520403,0,0,0.3588688839,0,0,2.258200081,0
7.51,0,-0.9104505925,0,0,0.3814055555,0,0,2.249042577,0
7.52,0,-0.9065242453,0,0,0.403847877,0,0,2.239330428,0
7.53,0,-0.9023739696,0,0,0.4261903135,0,0,2.229065993,0
7.54,0,-0.8980007921,0,0,0.4484273548,0,0,2.218251798,0
7.55,0,-0.893405794,0,0,0.4705535166,0,0,2.20689053,0
7.56,0,-0.8885901115,0,0,0.4925633418,0,0,2.194984975,0
7.57,0,-0.8835549351,0,0,0.5144514024,0,0,2.18253808,0
7.58,0,-0.8783015095,0,0,0.5362123,0,0,2.169552898,0
7.59,0,-0.8728311331,0,0,0.5578406677,0,0,2.156032635,0
7.6,0,-0.867145158,0,0,0.5793311713,0,0,2.14198064,0
7.61,0,-0.8612449893,0,0,0.6006785107,0,0,2.127400368,0
7.62,0,-0.855132085,0,0,0.6218774208,0,0,2.112295404,0
7.63,0,-0.8488079556,0,0,0.6429226735,0,0,2.096669481,0
7.64,0,-0.8422741637,0,0,0.6638090781,0,0,2.080526461,0
7.65,0,-0.8355323235,0,0,0.6845314836,0,0,2.063870316,0
7.66,0,-0.8285841006,0,0,0.705084779,0,0,2.046705151,0
7.67,0,-0.8214312115,0,0,0.7254638953,0,0,2.029035199,0
7.68,0,-0.8140754231,0,0,0.7456638064,0,0,2.010864824,0
7.69,0,-0.8065185524,0,0,0.7656795302,0,0,1.9921985,0
7.7,0,-0.798762466,0,0,0.7855061302,0,0,1.973040837,0
7.71,0,-0.7908090798,0,0,0.8051387166,0,0,1.953396555,0
7.72,0,-0.7826603579,0,0,0.8245724472,0,0,1.933270501,0
7.73,0,-0.7743183131,0,0,0.8438025292,0,0,1.912667638,0
7.74,0,-0.7657850055,0,0,0.8628242197,0,0,1.891593055,0
7.75,0,-0.7570625425,0,0,0.8816328274,0,0,1.870051946,0
7.76,0,-0.7481530783,0,0,0.9002237135,0,0,1.848049616,0
7.77,0,-0.739058813,0,0,0.9185922928,0,0,1.825591502,0
7.78,0,-0.7297819924,0,0,0.936734035,0,0,1.802683134,0
7.79,0,-0.7203249073,0,0,0.9546444659,0,0,1.779330165,0
7.8,0,-0.7106898928,0,0,0.9723191682,0,0,1.755538361,0
7.81,0,-0.7008793282,0,0,0.9897537827,0,0,1.731313586,0
7.82,0,-0.6908956359,0,0,1.006944009,0,0,1.70666181,0
7.83,0,-0.680741281,0,0,1.023885609,0,0,1.68158913,0
7.84,0,-0.6704187707,0,0,1.040574403,0,0,1.656101722,0
7.85,0,-0.6599306537,0,0,1.057006275,0,0,1.630205882,0
7.86,0,-0.6492795195,0,0,1.073177173,0,0,1.603907964,0
7.87,0,-0.6384679979,0,0,1.089083109,0,0,1.577214478,0
7.88,0,-0.6274987581,0,0,1.104720159,0,0,1.550132015,0
7.89,0,-0.6163745084,0,0,1.120084468,0,0,1.522667245,0
7.9,0,-0.6050979952,0,0,1.135172246,0,0,1.494826943,0
7.91,0,-0.5936720024,0,0,1.149979772,0,0,1.466617994,0
7.92,0,-0.5820993509,0,0,1.164503394,0,0,1.43804733,0
7.93,0,-0.5703828976,0,0,1.178739531,0,0,1.409122018,0
7.94,0,-0.5585255351,0,0,1.19268467,0,0,1.379849181,0
7.95,0,-0.5465301906,0,0,1.206335374,0,0,1.350236054,0
7.96,0,-0.5343998253,0,0,1.219688276,0,0,1.320289929,0
7.97,0,-0.5221374338,0,0,1.232740082,0,0,1.290018207,0
7.98,0,-0.5097460432,0,0,1.245487574,0,0,1.259428334,0
7.99,0,-0.4972287124,0,0,1.257927608,0,0,1.228527865,0
8,0,-0.4845885314,0,0,1.270057116,0,0,1.19732442,0
8.01,0,-0.4718286204,0,0,1.281873107,0,0,1.165825721,0
8.02,0,-0.4589521293,0,0,1.293372667,0,0,1.134039525,0
8.03,0,-0.4459622367,0,0,1.304552961,0,0,1.101973663,0
8.04,0,-0.4328621489,0,0,1.31541123,0,0,1.069636025,0
8.05,0,-0.4196550999,0,0,1.325944798,0,0,1.037034635,0
8.06,0,-0.4063443495,0,0,1.336151066,0,0,1.004177512,0
8.07,0,-0.3929331835,0,0,1.346027518,0,0,0.971072769,0
8.08,0,-0.3794249122,0,0,1.355571719,0,0,0.9377285725,0
8.09,0,-0.3658228701,0,0,1.364781315,0,0,0.9041531427,0
8.1,0,-0.3521304145,0,0,1.373654035,0,0,0.8703547518,0
8.11,0,-0.3383509253,0,0,1.382187691,0,0,0.8363417555,0
8.12,0,-0.3244878037,0,0,1.390380179,0,0,0.8021225319,0
8.13,0,-0.3105444715,0,0,1.398229479,0,0,0.7677055244,0
8.14,0,-0.2965243703,0,0,1.405733655,0,0,0.7330992357,0
8.15,0,-0.2824309608,0,0,1.412890858,0,0,0.6983121986,0
8.16,0,-0.2682677215,0,0,1.419699322,0,0,0.6633529882,0
8.17,0,-0.2540381483,0,0,1.42615737,0,0,0.628230235,0
8.18,0,-0.2397457534,0,0,1.432263408,0,0,0.5929526009,0
8.19,0,-0.2253940644,0,0,1.438015932,0,0,0.5575287846,0
8.2,0,-0.2109866238,0,0,1.443413524,0,0,0.5219675409,0
8.21,0,-0.1965269875,0,0,1.448454852,0,0,0.4862776279,0
8.22,0,-0.1820187245,0,0,1.453138675,0,0,0.4504678516,0
8.23,0,-0.1674654156,0,0,1.457463837,0,0,0.4145470484,0
8.24,0,-0.1528706529,0,0,1.461429273,0,0,0.3785240825,0
8.25,0,-0.1382380385,0,0,1.465034006,0,0,0.3424078388,0
8.26,0,-0.1235711841,0,0,1.468277148,0,0,0.3062072285,0
8.27,0,-0.1088737097,0,0,1.471157898,0,0,0.2699311801,0
8.28,0,-0.09414924262,0,0,1.473675548,0,0,0.2335886447,0
8.29,0,-0.07940141721,0,0,1.475829478,0,0,0.1971885898,0
8.3,0,-0.06463387335,0,0,1.477619158,0,0,0.1607399898,0
8.31,0,-0.04985025583,0,0,1.479044146,0,0,0.1242518427,0
8.32,0,-0.03505421339,0,0,1.480104092,0,0,0.08773314788,0
8.33,0,-0.02024939781,0,0,1.480798736,0,0,0.05119291436,0
8.34,0,-0.005439463053,0,0,1.481127908,0,0,0.01464015644,0
8.35,0,0.009371935693,0,0,1.481091528,0,0,-0.02191610724,0
8.36,0,0.02418114288,0,0,1.480689605,0,0,-0.05846685789,0
8.37,0,0.03898450349,0,0,1.479922239,0,0,-0.09500307809,0
8.38,0,0.05377836401,0,0,1.478789622,0,0,-0.1315157541,0
8.39,0,0.06855907322,0,0,1.477292033,0,0,-0.1679958803,0
8.4,0,0.0833229832,0,0,1.475429844,0,0,-0.2044344531,0
8.41,0,0.09806645016,0,0,1.473203514,0,0,-0.2408224856,0
8.42,0,0.1127858354,0,0,1.470613593,0,0,-0.2771509978,0
8.43,0,0.1274775061,0,0,1.467660723,0,0,-0.3134110261,0
8.44,0,0.1421378363,0,0,1.464345632,0,0,-0.3495936312,0
8.45,0,0.156763208,0,0,1.46066914,0,0,-0.3856898833,0
8.46,0,0.1713500114,0,0,1.456632154,0,0,-0.4216908774,0
8.47,0,0.1858946467,0,0,1.452235671,0,0,-0.457587736,0
8.48,0,0.2003935241,0,0,1.447480777,0,0,-0.4933715953,0
8.49,0,0.2148430654,0,0,1.442368647,0,0,-0.5290336306,0
8.5,0,0.2292397045,0,0,1.436900543,0,0,-0.564565039,0
8.51,0,0.2435798882,0,0,1.431077813,0,0,-0.5999570624,0
8.52,0,0.2578600775,0,0,1.424901898,0,0,-0.6352009591,0
8.53,0,0.272076748,0,0,1.41837432,0,0,-0.6702880436,0
8.54,0,0.2862263912,0,0,1.411496691,0,0,-0.7052096476,0
8.55,0,0.3003055148,0,0,1.40427071,0,0,-0.7399571858,0
8.56,0,0.3143106443,0,0,1.39669816,0,0,-0.774522063,0
8.57,0,0.3282383232,0,0,1.388780909,0,0,-0.8088957356,0
8.58,0,0.3420851142,0,0,1.380520914,0,0,-0.8430697451,0
8.59,0,0.3558476001,0,0,1.371920212,0,0,-0.8770356689,0
8.6,0,0.3695223842,0,0,1.362980926,0,0,-0.9107851079,0
8.61,0,0.3831060917,0,0,1.353705263,0,0,-0.9443097263,0
8.62,0,0.3965953702,0,0,1.344095512,0,0,-0.9776012754,0
8.63,0,0.4099868906,0,0,1.334154046,0,0,-1.010651543,0
8.64,0,0.423277348,0,0,1.323883317,0,0,-1.043452368,0
8.65,0,0.4364634624,0,0,1.313285861,0,0,-1.075995674,0
8.66,0,0.4495419794,0,0,1.302364293,0,0,-1.10827339,0
8.67,0,0.4625096714,0,0,1.29112131,0,0,-1.140277578,0
8.68,0,0.4753633381,0,0,1.279559685,0,0,-1.172000354,0
8.69,0,0.4880998072,0,0,1.267682271,0,0,-1.203433885,0
8.7,0,0.5007159354,0,0,1.255492002,0,0,-1.234570389,0
8.71,0,0.5132086092,0,0,1.242991884,0,0,-1.26540223,0
8.72,0,0.5255747454,0,0,1.230185003,0,0,-1.295921785,0
8.73,0,0.5378112921,0,0,1.21707452,0,0,-1.326121507,0
8.74,0,0.5499152295,0,0,1.203663669,0,0,-1.355993959,0
8.75,0,0.5618835703,0,0,1.189955762,0,0,-1.385531774,0
8.76,0,0.5737133609,0,0,1.17595418,0,0,-1.414727649,0
8.77,0,0.5854016816,0,0,1.161662379,0,0,-1.443574381,0
8.78,0,0.596945648,0,0,1.147083885,0,0,-1.472064876,0
8.79,0,0.6083424109,0,0,1.132222298,0,0,-1.50019207,0
8.8,0,0.6195891578,0,0,1.117081284,0,0,-1.527949087,0
8.81,0,0.630683113,0,0,1.10166458,0,0,-1.555329032,0
8.82,0,0.6416215385,0,0,1.085975989,0,0,-1.582325165,0
8.83,0,0.6524017349,0,0,1.070019385,0,0,-1.608930786,0
8.84,0,0.6630210415,0,0,1.053798704,0,0,-1.635139377,0
8.85,0,0.6734768377,0,0,1.03731795,0,0,-1.660944433,0
8.86,0,0.6837665429,0,0,1.020581189,0,0,-1.686339606,0
8.87,0,0.6938876176,0,0,1.003592552,0,0,-1.711318681,0
8.88,0,0.7038375641,0,0,0.9863562303,0,0,-1.735875431,0
8.89,0,0.7136139267,0,0,0.9688764783,0,0,-1.760003804,0
8.9,0,0.7232142926,0,0,0.9511576091,0,0,-1.783697878,0
8.91,0,0.7326362925,0,0,0.9332039952,0,0,-1.806951789,0
8.92,0,0.7418776009,0,0,0.9150200671,0,0,-1.829759821,0
8.93,0,0.7509359372,0,0,0.8966103118,0,0,-1.852116328,0
8.94,0,0.7598090658,0,0,0.8779792724,0,0,-1.874015774,0
8.95,0,0.7684947968,0,0,0.8591315464,0,0,-1.895452787,0
8.96,0,0.7769909864,0,0,0.8400717847,0,0,-1.916422052,0
8.97,0,0.7852955378,0,0,0.8208046906,0,0,-1.936918398,0
8.98,0,0.7934064015,0,0,0.8013350186,0,0,-1.956936813,0
8.99,0,0.8013215756,0,0,0.7816675731,0,0,-1.976472287,0
9,0,0.8090391067,0,0,0.7618072072,0,0,-1.995520026,0
9.01,0,0.8165570899,0,0,0.7417588218,0,0,-2.014075373,0
9.02,0,0.8238736698,0,0,0.7215273641,0,0,-2.032133769,0
9.03,0,0.8309870406,0,0,0.7011178264,0,0,-2.049690698,0
9.04,0,0.8378954466,0,0,0.680535245,0,0,-2.066741806,0
9.05,0,0.8445971828,0,0,0.6597846989,0,0,-2.083282978,0
9.06,0,0.851090595,0,0,0.6388713085,0,0,-2.099310003,0
9.07,0,0.8573740807,0,0,0.6178002343,0,0,-2.114819039,0
9.08,0,0.8634460889,0,0,0.5965766759,0,0,-2.129806169,0
9.09,0,0.8693051209,0,0,0.5752058704,0,0,-2.1442678,0
9.1,0,0.8749497306,0,0,0.5536930912,0,0,-2.158200327,0
9.11,0,0.8803785249,0,0,0.5320436467,0,0,-2.171600339,0
9.12,0,0.8855901636,0,0,0.5102628792,0,0,-2.184464469,0
9.13,0,0.8905833605,0,0,0.4883561632,0,0,-2.196789566,0
9.14,0,0.895356883,0,0,0.4663289043,0,0,-2.208572577,0
9.15,0,0.8999095529,0,0,0.4441865379,0,0,-2.219810594,0
9.16,0,0.9042402465,0,0,0.4219345278,0,0,-2.230500786,0
9.17,0,0.9083478946,0,0,0.3995783648,0,0,-2.240640695,0
9.18,0,0.9122314833,0,0,0.3771235654,0,0,-2.250227631,0
9.19,0,0.915890054,0,0,0.3545756706,0,0,-2.25925942,0
9.2,0,0.9193227035,0,0,0.331940244,0,0,-2.267733705,0
9.21,0,0.9225285843,0,0,0.309222871,0,0,-2.275648389,0
9.22,0,0.9255069051,0,0,0.2864291574,0,0,-2.283001605,0
9.23,0,0.9282569306,0,0,0.2635647276,0,0,-2.289791424,0
9.24,0,0.9307779817,0,0,0.2406352234,0,0,-2.296016273,0
9.25,0,0.933069436,0,0,0.2176463028,0,0,-2.30167445,0
9.26,0,0.9351307277,0,0,0.1946036384,0,0,-2.306764742,0
9.27,0,0.9369613478,0,0,0.1715129161,0,0,-2.311285895,0
9.28,0,0.9385608441,0,0,0.1483798336,0,0,-2.315236486,0
9.29,0,0.9399288216,0,0,0.125210099,0,0,-2.318615991,0
9.3,0,0.9410649424,0,0,0.1020094295,0,0,-2.32142336,0
9.31,0,0.9419689258,0,0,0.07878354999,0,0,-2.323657847,0
9.32,0,0.9426405482,0,0,0.05553819149,0,0,-2.325318977,0
9.33,0,0.9430796436,0,0,0.03227908984,0,0,-2.326406393,0
9.34,0,0.9432861032,0,0,0.009011984258,0,0,-2.326919725,0
9.35,0,0.9432598757,0,0,-0.01425738403,0,0,-2.32685897,0
9.36,0,0.9430009671,0,0,-0.03752327327,0,0,-2.326224083,0
9.37,0,0.9425094411,0,0,-0.06077994256,0,0,-2.325015214,0
9.38,0,0.9417854184,0,0,-0.08402165329,0,0,-2.323232372,0
9.39,0,0.9408290774,0,0,-0.1072426706,0,0,-2.320876414,0
9.4,0,0.9396406535,0,0,-0.1304372645,0,0,-2.31794785,0
9.41,0,0.9382204398,0,0,-0.1535997119,0,0,-2.314447298,0
9.42,0,0.9365687861,0,0,-0.1767242974,0,0,-2.31037571,0
9.43,0,0.9346860998,0,0,-0.1998053149,0,0,-2.305733952,0
9.44,0,0.9325728449,0,0,-0.2228370692,0,0,-2.300523237,0
9.45,0,0.9302295425,0,0,-0.2458138772,0,0,-2.294744879,0
9.46,0,0.9276567704,0,0,-0.2687300694,0,0,-2.288400309,0
9.47,0,0.9248551631,0,0,-0.2915799911,0,0,-2.281491053,0
9.48,0,0.9218254115,0,0,-0.3143580043,0,0,-2.274018837,0
9.49,0,0.9185682627,0,0,-0.3370584883,0,0,-2.265985518,0
9.5,0,0.9150845202,0,0,-0.3596758419,0,0,-2.25739309,0
9.51,0,0.9113750431,0,0,-0.3822044842,0,0,-2.248243639,0
9.52,0,0.9074407464,0,0,-0.4046388562,0,0,-2.238539436,0
9.53,0,0.9032826003,0,0,-0.4269734224,0,0,-2.228282881,0
9.54,0,0.8989016307,0,0,-0.4492026717,0,0,-2.217476494,0
9.55,0,0.8942989181,0,0,-0.471321119,0,0,-2.206122924,0
9.56,0,0.8894755978,0,0,-0.4933233065,0,0,-2.194225017,0
9.57,0,0.8844328597,0,0,-0.5152038053,0,0,-2.181785692,0
9.58,0,0.8791719475,0,0,-0.5369572164,0,0,-2.16880798,0
9.59,0,0.8736941591,0,0,-0.5585781722,0,0,-2.155295139,0
9.6,0,0.8680008457,0,0,-0.5800613376,0,0,-2.141250486,0
9.61,0,0.8620934117,0,0,-0.6014014117,0,0,-2.126677471,0
9.62,0,0.8559733145,0,0,-0.6225931289,0,0,-2.111579697,0
9.63,0,0.8496420637,0,0,-0.6436312602,0,0,-2.095960903,0
9.64,0,0.8431012212,0,0,-0.6645106143,0,0,-2.079824937,0
9.65,0,0.8363524006,0,0,-0.6852260394,0,0,-2.063175766,0
9.66,0,0.8293972667,0,0,-0.7057724239,0,0,-2.046017502,0
9.67,0,0.8222375354,0,0,-0.7261446981,0,0,-2.028354403,0
9.68,0,0.8148749729,0,0,-0.7463378351,0,0,-2.010190796,0
9.69,0,0.8073113955,0,0,-0.7663468522,0,0,-1.991531178,0
9.7,0,0.7995486692,0,0,-0.7861668123,0,0,-1.972380149,0
9.71,0,0.791588709,0,0,-0.8057928248,0,0,-1.95274245,0
9.72,0,0.7834334787,0,0,-0.8252200471,0,0,-1.932622911,0
9.73,0,0.7750849901,0,0,-0.8444436854,0,0,-1.912026489,0
9.74,0,0.7665453029,0,0,-0.8634589963,0,0,-1.89095829,0
9.75,0,0.7578165239,0,0,-0.8822612879,0,0,-1.869423501,0
9.76,0,0.7489008064,0,0,-0.9008459207,0,0,-1.847427427,0
9.77,0,0.73980035,0,0,-0.919208309,0,0,-1.824975504,0
9.78,0,0.7305173999,0,0,-0.9373439218,0,0,-1.802073256,0
9.79,0,0.7210542463,0,0,-0.9552482843,0,0,-1.778726355,0
9.8,0,0.7114132238,0,0,-0.9729169785,0,0,-1.75494056,0
9.81,0,0.7015967109,0,0,-0.9903456447,0,0,-1.730721732,0
9.82,0,0.6916071294,0,0,-1.007529982,0,0,-1.706075862,0
9.83,0,0.681446944,0,0,-1.024465751,0,0,-1.681009017,0
9.84,0,0.6711186611,0,0,-1.041148773,0,0,-1.655527367,0
9.85,0,0.660624829,0,0,-1.05757493,0,0,-1.629637226,0
9.86,0,0.6499680366,0,0,-1.07374017,0,0,-1.603344969,0
9.87,0,0.6391509131,0,0,-1.089640504,0,0,-1.576657086,0
9.88,0,0.6281761272,0,0,-1.105272008,0,0,-1.549580158,0
9.89,0,0.6170463865,0,0,-1.120630826,0,0,-1.522120881,0
9.9,0,0.6057644369,0,0,-1.135713168,0,0,-1.49428602,0
9.91,0,0.5943330619,0,0,-1.150515311,0,0,-1.46608245,0
9.92,0,0.5827550816,0,0,-1.165033605,0,0,-1.437517119,0
9.93,0,0.5710333527,0,0,-1.179264465,0,0,-1.408597085,0
9.94,0,0.559170767,0,0,-1.193204382,0,0,-1.379329477,0
9.95,0,0.5471702513,0,0,-1.206849915,0,0,-1.349721515,0
9.96,0,0.5350347663,0,0,-1.220197697,0,0,-1.319780511,0
9.97,0,0.5227673059,0,0,-1.233244434,0,0,-1.289513846,0
9.98,0,0.5103708969,0,0,-1.245986907,0,0,-1.258929003,0
9.99,0,0.4978485976,0,0,-1.258421973,0,0,-1.22803351,0
10,0,0.4852034976,0,0,-1.270546562,0,0,-1.196834995,0
#simulation finished=2025-02-02,13:00:29
#Solver Info: cpuTime=0.133721,stepReductionFailed(or step failed)=0,discontinuousIterationSuccessful=1,newtonSolutionDiverged=0,massMatrixNotInvertible=0,total time steps=10000,total Newton iterations=10260,total Newton jacobians=10260
